Times:3155 BE:1195 FE:20
BER:0.000752, FER:0.006339
